$ANSIBLE_VAULT;1.1;AES256
34633563313264663666316232386539633764323335646136336638663861636539626365363233
6630323033666331666264303565326435303838383066310a613733306233646232303366656663
38666461626364666561666561323038383834343561353261656238653864363961626132616137
6532313633303539620a346334363738656161623933313836313464326239346334323030643533
32333464306334363962376266373261366564363534393534386166333761353263346434636162
62363361346635383830646263363039393739333931323730326665613265373661643334373636
30383936333831336337616336366464393865386231343437616139383438346638646130303261
37333738623731393935343036353066636166326333316338343661306466383633643438316361
65643835356333313136383935366665656464376134336132343864383538323663626537613464
63646262636332663639313061663935306531333061333365343063656438316435323863636539
37396637643737303939303431366232366235303761323666363838383438313064396262303938
35666135373331356133633365626332646638396364376236376137336431616630613635353066
35656664333661656536356238363237383239383262663738653435636231373531656236393731
33373265666430373437643633333333376365376665623131363331326332396139623032636263
34356138663035613363616162623933383030666534343930643933633365316561346638393365
35383862653965333032333064643961353061376639306337303137363630393538316464333633
32643166343865353661323634303765653936323837323632323866663965636634353665333864
32306464343663313063653865636135376463366261346263653761316662663231646231383538
34346461373630366564626264333035396433346337626234633531323836663433663161623239
30646666373331323437353939376237353362663238326562663530636665343165636434313730
32623831643364373262323565333934356134316239656563633731653265613362636565323330
34633137656136356466323431666133306536616464643539336138353930366532383165313938
66636464336331356462323831623161333132373766393137303935633361383137663863623839
65383164383561366333653134373364326466303432326465303736663065373036376537623466
36306136386539326162383061323230316135323362626566306439333433666637383236353931
6431616561626265363933303766336162656537323539613832
