$ANSIBLE_VAULT;1.1;AES256
62633361666432316532363837623565306236326435363561313531306136376565386366623764
3439303364646239343663653766353661346138346534350a386661636636333137313733636639
34303461323061346333396330666465363733613663373330336434663462313636393362613232
3537633761636263310a666663326438316563336330623532373432306263613263623732623039
38656535363565363130326434353234333537393965636665346239656637386139633933353764
63363361346237613439653139636361323361326333363564306661363232653863303838643165
63653965333662363633343938373831313866356539306637636337656239336662396435333538
62346533663835353964316465663264656139616534313466613038346536343231356461383937
35306338613362303234323037653837313934386663616338653662323039303935623134396464
62373737643161343836633535346362643135316662313736663232656462396539383634373364
61323034666563616262626166363532383730663962383739653339353235353634633165663464
63303063646561343162
